14080783
14082029
85082132
85082953
85082730
85083903
85084510
85084520
85085181
85130025
85081096
85087121
85087757
85087650
85088701
85089716
85089733
99752599
99750020
85090057
85092738
85094498
85096636
85092605
85097651
85097752
85098846
85099835
85099284
14081639
85103207
85103620
85105173
85105323
85107083
85106571
85096724
85108072
85109345
22253559
85110192
85110996
85112241
85114738
85116793
85117976
85089522
18167955
85119164
85121342
85121831
85123633
85123479
22253715
85123047
93038071
18176251
85125276
85126138
85126006
85131497
85128059
85131086
85128699
85128854
92582089
85134099
18177741
85090100
85132557
85137581
85138054
85138056
14081245
14078048
85091671
88014068
85135248
88014931
88014983
19247938
19247928
21200091
19247968
88015604
88015721
88017225
88017300
19249093
92564527
92566768
19257977
92567382
92567156
92568279
19257493
92569986
19258224
92570188
92570018
92570144
92570676
92571008
92571002
92580730
92570087
92581723
92582964
92578517
92577353
19265482
92576970
92573530
92573250
99750724
14081229
93032626
93032379
85137711
93039315
93030064
92571256
92571260
93028413
93028628
93036637
93029687
93029685
92580416
93028106
93029343
93028472
93029036
93027044
93029034
93027045
88015831
93026560
93034926
93030823
93032944
93035313
93037341
14078662
93038963
93038676
93037326
93035097
93039453
93039605
93039670
93038266
19278444
19278722
93037046
93036977
93034227
93039186
93039019
19278892
93040576
93040859
93040565
93040806
93041080
93041485
93041659
93041638
93041651
93041999
93042830
85119552
93043707
93043865
93043849
85087965
19248278
97789156
99750945
85089253
