85081254
85082582
85091159
85092580
00254996
85091892
85097591
85096784
85100436
22253819
18139288
85111244
85112201
85112701
21322273
85113463
97789096
18167081
19266048
19257586
18168037
85121951
18175641
18167423
18175841
85122992
19249699
85124735
18176395
18175959
18176452
18176537
18176576
18175773
92582098
18175305
18176942
14078588
18176752
85134033
85134417
18176078
18177624
18175507
85138337
18175495
85128425
88013940
85123053
88015478
88015777
19248494
19248663
88018172
22253971
19248802
19249695
19257182
92564639
19257417
19257888
92566154
92566142
92567477
92568237
19257686
19258033
92570242
92569973
92580760
92581338
19265338
19265345
92578700
19266234
19258169
19248068
92577634
92579056
92575264
92574743
19266294
92571468
92571848
92576167
92576191
19266408
92576442
92576411
92576486
92578154
19266632
19265515
92574083
19265950
19266351
19266558
93030688
93033264
19266814
93033827
92571232
92574324
19265137
19266502
19266989
19265983
19266165
19266743
93027743
92580266
93028393
93027750
92580212
93030359
93029843
93039075
93039287
93039858
93034958
19267303
93035504
19267295
21200249
19278222
93027272
19271469
19278421
19278507
19278563
92576892
93037889
19278675
21322780
93039975
93037539
93033519
19266445
19278878
19279015
93040276
93040555
93040594
93036779
19279119
93041308
93041449
19279176
93041427
19279168
93041503
93042048
93041653
93041980
93041873
19279293
93042204
19279288
19279321
93042437
19279329
19279353
19279561
19279559
93043085
93039222
93043196
93036720
19279670
93043272
92576894
93039495
19279781
93043807
93043929
92576942
19279642
93041226
18175762
88019393
97789439
97789733
19280104
97789151
97788350
19280116
99752993
99753066
21322141
21322137
21322163
93028491
19267327
97788485
99753193
21322133
14081707
99749331
99750067
21322316
99750383
21322331
21322168
99749881
99749565
21322704
99751659
21322679
19265908
21322652
21322716
85100826
14078698
85113735
14079170
93040063
85129427
85081304
14080609
92580027
85089302
14078256
99749619
85135570
14080045
14079636
14080452
14079510
21322122
97791551
97791131
14079111
14080091
21322888
14079256
99749572
99750935
85102329
21322866
99753770
21322253
21322702
14079338
21322875
97791912
21322807
21322132
22253891
99749313
93035098
14078550
19265910
99749824
14079000
14078549
85086552
14078358
14080014
14080015
14081757
14080591
14080590
88015706
14080629
85090065
85089272
85103388
22253600
14081350
14081270
85131993
85092934
85134225
14080909
14081369
85089952
21322892
22253575
14078985
22253803
22253716
22253722
22253802
85089935
14081022
14082013
14080232
14082169
14081488
85085642
85088814
85100524
88017280
85085586
22253725
14081120
22253608
14080633
14079326
14079669
14079402
14081198
85090863
85100704
22253699
22253645
22253753
22253887
22253902
85111667
14080412
14080513
22253711
22253682
22253628
22253849
22253629
22253822
22253835
18167588
85102643
85090853
92582727
14080496
85119624
14081344
22253560
21322754
85104728
85101151
85113037
14081573
14079608
20151619
88017263
14080291
14081236
14080693
14078701
14079746
99750564
93040083
22253505
14081807
85131431
85104641
85131590
14081134
22253815
22253855
14078125
99750947
22253755
22253883
19278952
85123780
22254029
85128730
19265808
